545 1.13687e-13 180
544.988 -1.02436 180
544.953 -2.0482 180
544.895 -3.07097 180
544.814 -4.09215 180
544.709 -5.11121 180
544.581 -6.12762 180
544.43 -7.14085 180
544.256 -8.15038 180
544.059 -9.15569 180
543.839 -10.1563 180
543.596 -11.1516 180
543.331 -12.1411 180
543.044 -13.1243 180
542.734 -14.1007 180
542.402 -15.0699 180
542.048 -16.0312 180
541.672 -16.9842 180
541.274 -17.9284 180
540.856 -18.8633 180
540.416 -19.7884 180
539.955 -20.7033 180
539.473 -21.6074 180
538.971 -22.5004 180
538.449 -23.3817 180
537.906 -24.2509 180
537.345 -25.1075 180
536.763 -25.951 180
536.163 -26.7812 180
535.544 -27.5975 180
534.907 -28.3994 180
534.251 -29.1867 180
533.578 -29.9588 180
532.887 -30.7154 180
532.179 -31.456 180
531.455 -32.1804 180
530.714 -32.8881 180
529.958 -33.5787 180
529.186 -34.252 180
528.398 -34.9075 180
527.596 -35.5449 180
526.78 -36.1639 180
525.95 -36.7641 180
525.106 -37.3453 180
524.25 -37.9071 180
523.381 -38.4493 180
522.499 -38.9716 180
521.606 -39.4737 180
520.702 -39.9553 180
519.787 -40.4162 180
518.862 -40.8561 180
517.927 -41.2749 180
516.983 -41.6723 180
516.03 -42.0481 180
515.069 -42.4021 180
514.099 -42.7341 180
513.123 -43.044 180
512.14 -43.3316 180
511.15 -43.5967 180
510.155 -43.8392 180
509.154 -44.059 180
508.149 -44.256 180
507.14 -44.43 180
506.126 -44.581 180
505.11 -44.7089 180
504.091 -44.8137 180
503.07 -44.8952 180
502.047 -44.9534 180
501.023 -44.9884 180
499.999 -45 180
500 -45 180
-3e-05 -45 180
0.00135 -45 180
-1.02303 -44.9884 180
-2.04689 -44.9534 180
-3.06968 -44.8952 180
-4.09088 -44.8137 180
-5.10996 -44.7089 180
-6.12639 -44.581 180
-7.13965 -44.43 180
-8.14921 -44.256 180
-9.15454 -44.059 180
-10.1551 -43.8392 180
-11.1505 -43.5966 180
-12.14 -43.3315 180
-13.1233 -43.0439 180
-14.0997 -42.734 180
-15.0689 -42.402 180
-16.0302 -42.048 180
-16.9832 -41.6722 180
-17.9275 -41.2748 180
-18.8624 -40.856 180
-19.7876 -40.416 180
-20.7025 -39.9551 180
-21.6066 -39.4735 180
-22.4996 -38.9714 180
-23.3809 -38.4491 180
-24.2501 -37.9069 180
-25.1068 -37.345 180
-25.9504 -36.7638 180
-26.7805 -36.1636 180
-27.5968 -35.5445 180
-28.3988 -34.9071 180
-29.1861 -34.2516 180
-29.9582 -33.5783 180
-30.7148 -32.8877 180
-31.4555 -32.1799 180
-32.1799 -31.4555 180
-32.8877 -30.7148 180
-33.5783 -29.9582 180
-34.2516 -29.1861 180
-34.9071 -28.3988 180
-35.5445 -27.5968 180
-36.1636 -26.7805 180
-36.7638 -25.9504 180
-37.345 -25.1068 180
-37.9069 -24.2501 180
-38.4491 -23.3809 180
-38.9714 -22.4996 180
-39.4735 -21.6066 180
-39.9551 -20.7025 180
-40.416 -19.7876 180
-40.856 -18.8624 180
-41.2748 -17.9275 180
-41.6722 -16.9832 180
-42.048 -16.0302 180
-42.402 -15.0689 180
-42.734 -14.0997 180
-43.0439 -13.1233 180
-43.3315 -12.14 180
-43.5966 -11.1505 180
-43.8392 -10.1551 180
-44.059 -9.15454 180
-44.256 -8.14921 180
-44.43 -7.13965 180
-44.581 -6.12639 180
-44.7089 -5.10996 180
-44.8137 -4.09088 180
-44.8952 -3.06968 180
-44.9534 -2.04689 180
-44.9884 -1.02303 180
-45 0.00135 180
-45 -3e-05 180
-45 500 180
-45 499.999 180
-44.9884 501.023 180
-44.9534 502.047 180
-44.8952 503.07 180
-44.8137 504.091 180
-44.7089 505.11 180
-44.581 506.126 180
-44.43 507.14 180
-44.256 508.149 180
-44.059 509.155 180
-43.8392 510.155 180
-43.5966 511.15 180
-43.3315 512.14 180
-43.0439 513.123 180
-42.734 514.1 180
-42.402 515.069 180
-42.048 516.03 180
-41.6722 516.983 180
-41.2748 517.927 180
-40.856 518.862 180
-40.416 519.788 180
-39.9551 520.702 180
-39.4735 521.607 180
-38.9714 522.5 180
-38.4491 523.381 180
-37.9069 524.25 180
-37.345 525.107 180
-36.7638 525.95 180
-36.1636 526.781 180
-35.5445 527.597 180
-34.9071 528.399 180
-34.2516 529.186 180
-33.5783 529.958 180
-32.8877 530.715 180
-32.1799 531.456 180
-31.4555 532.18 180
-30.7148 532.888 180
-29.9582 533.578 180
-29.1861 534.252 180
-28.3988 534.907 180
-27.5968 535.545 180
-26.7805 536.164 180
-25.9504 536.764 180
-25.1068 537.345 180
-24.2501 537.907 180
-23.3809 538.449 180
-22.4996 538.971 180
-21.6066 539.473 180
-20.7025 539.955 180
-19.7876 540.416 180
-18.8624 540.856 180
-17.9275 541.275 180
-16.9832 541.672 180
-16.0302 542.048 180
-15.0689 542.402 180
-14.0997 542.734 180
-13.1233 543.044 180
-12.14 543.332 180
-11.1505 543.597 180
-10.1551 543.839 180
-9.15454 544.059 180
-8.14921 544.256 180
-7.13965 544.43 180
-6.12639 544.581 180
-5.10996 544.709 180
-4.09088 544.814 180
-3.06968 544.895 180
-2.04689 544.953 180
-1.02303 544.988 180
0.00135 545 180
-3e-05 545 180
500 545 180
499.999 545 180
501.023 544.988 180
502.047 544.953 180
503.07 544.895 180
504.091 544.814 180
505.11 544.709 180
506.126 544.581 180
507.14 544.43 180
508.149 544.256 180
509.155 544.059 180
510.155 543.839 180
511.15 543.597 180
512.14 543.332 180
513.123 543.044 180
514.1 542.734 180
515.069 542.402 180
516.03 542.048 180
516.983 541.672 180
517.927 541.275 180
518.862 540.856 180
519.788 540.416 180
520.702 539.955 180
521.607 539.473 180
522.5 538.971 180
523.381 538.449 180
524.25 537.907 180
525.107 537.345 180
525.95 536.764 180
526.781 536.164 180
527.597 535.545 180
528.399 534.907 180
529.186 534.252 180
529.958 533.578 180
530.715 532.888 180
531.456 532.18 180
532.18 531.456 180
532.888 530.715 180
533.578 529.958 180
534.252 529.186 180
534.907 528.399 180
535.545 527.597 180
536.164 526.781 180
536.764 525.95 180
537.345 525.107 180
537.907 524.25 180
538.449 523.381 180
538.971 522.5 180
539.473 521.607 180
539.955 520.702 180
540.416 519.788 180
540.856 518.862 180
541.275 517.927 180
541.672 516.983 180
542.048 516.03 180
542.402 515.069 180
542.734 514.1 180
543.044 513.123 180
543.332 512.14 180
543.597 511.15 180
543.839 510.155 180
544.059 509.155 180
544.256 508.149 180
544.43 507.14 180
544.581 506.126 180
544.709 505.11 180
544.814 504.091 180
544.895 503.07 180
544.953 502.047 180
544.988 501.023 180
545 499.999 180
545 500 180
545 1.13687e-13 180
545 1.13687e-13 180
545 1.13687e-13 160
544.988 -1.02436 160
544.953 -2.0482 160
544.895 -3.07097 160
544.814 -4.09215 160
544.709 -5.11121 160
544.581 -6.12762 160
544.43 -7.14085 160
544.256 -8.15038 160
544.059 -9.15569 160
543.839 -10.1563 160
543.596 -11.1516 160
543.331 -12.1411 160
543.044 -13.1243 160
542.734 -14.1007 160
542.402 -15.0699 160
542.048 -16.0312 160
541.672 -16.9842 160
541.274 -17.9284 160
540.856 -18.8633 160
540.416 -19.7884 160
539.955 -20.7033 160
539.473 -21.6074 160
538.971 -22.5004 160
538.449 -23.3817 160
537.906 -24.2509 160
537.345 -25.1075 160
536.763 -25.951 160
536.163 -26.7812 160
535.544 -27.5975 160
534.907 -28.3994 160
534.251 -29.1867 160
533.578 -29.9588 160
532.887 -30.7154 160
532.179 -31.456 160
531.455 -32.1804 160
530.714 -32.8881 160
529.958 -33.5787 160
529.186 -34.252 160
528.398 -34.9075 160
527.596 -35.5449 160
526.78 -36.1639 160
525.95 -36.7641 160
525.106 -37.3453 160
524.25 -37.9071 160
523.381 -38.4493 160
522.499 -38.9716 160
521.606 -39.4737 160
520.702 -39.9553 160
519.787 -40.4162 160
518.862 -40.8561 160
517.927 -41.2749 160
516.983 -41.6723 160
516.03 -42.0481 160
515.069 -42.4021 160
514.099 -42.7341 160
513.123 -43.044 160
512.14 -43.3316 160
511.15 -43.5967 160
510.155 -43.8392 160
509.154 -44.059 160
508.149 -44.256 160
507.14 -44.43 160
506.126 -44.581 160
505.11 -44.7089 160
504.091 -44.8137 160
503.07 -44.8952 160
502.047 -44.9534 160
501.023 -44.9884 160
499.999 -45 160
500 -45 160
-3e-05 -45 160
0.00135 -45 160
-1.02303 -44.9884 160
-2.04689 -44.9534 160
-3.06968 -44.8952 160
-4.09088 -44.8137 160
-5.10996 -44.7089 160
-6.12639 -44.581 160
-7.13965 -44.43 160
-8.14921 -44.256 160
-9.15454 -44.059 160
-10.1551 -43.8392 160
-11.1505 -43.5966 160
-12.14 -43.3315 160
-13.1233 -43.0439 160
-14.0997 -42.734 160
-15.0689 -42.402 160
-16.0302 -42.048 160
-16.9832 -41.6722 160
-17.9275 -41.2748 160
-18.8624 -40.856 160
-19.7876 -40.416 160
-20.7025 -39.9551 160
-21.6066 -39.4735 160
-22.4996 -38.9714 160
-23.3809 -38.4491 160
-24.2501 -37.9069 160
-25.1068 -37.345 160
-25.9504 -36.7638 160
-26.7805 -36.1636 160
-27.5968 -35.5445 160
-28.3988 -34.9071 160
-29.1861 -34.2516 160
-29.9582 -33.5783 160
-30.7148 -32.8877 160
-31.4555 -32.1799 160
-32.1799 -31.4555 160
-32.8877 -30.7148 160
-33.5783 -29.9582 160
-34.2516 -29.1861 160
-34.9071 -28.3988 160
-35.5445 -27.5968 160
-36.1636 -26.7805 160
-36.7638 -25.9504 160
-37.345 -25.1068 160
-37.9069 -24.2501 160
-38.4491 -23.3809 160
-38.9714 -22.4996 160
-39.4735 -21.6066 160
-39.9551 -20.7025 160
-40.416 -19.7876 160
-40.856 -18.8624 160
-41.2748 -17.9275 160
-41.6722 -16.9832 160
-42.048 -16.0302 160
-42.402 -15.0689 160
-42.734 -14.0997 160
-43.0439 -13.1233 160
-43.3315 -12.14 160
-43.5966 -11.1505 160
-43.8392 -10.1551 160
-44.059 -9.15454 160
-44.256 -8.14921 160
-44.43 -7.13965 160
-44.581 -6.12639 160
-44.7089 -5.10996 160
-44.8137 -4.09088 160
-44.8952 -3.06968 160
-44.9534 -2.04689 160
-44.9884 -1.02303 160
-45 0.00135 160
-45 -3e-05 160
-45 500 160
-45 499.999 160
-44.9884 501.023 160
-44.9534 502.047 160
-44.8952 503.07 160
-44.8137 504.091 160
-44.7089 505.11 160
-44.581 506.126 160
-44.43 507.14 160
-44.256 508.149 160
-44.059 509.155 160
-43.8392 510.155 160
-43.5966 511.15 160
-43.3315 512.14 160
-43.0439 513.123 160
-42.734 514.1 160
-42.402 515.069 160
-42.048 516.03 160
-41.6722 516.983 160
-41.2748 517.927 160
-40.856 518.862 160
-40.416 519.788 160
-39.9551 520.702 160
-39.4735 521.607 160
-38.9714 522.5 160
-38.4491 523.381 160
-37.9069 524.25 160
-37.345 525.107 160
-36.7638 525.95 160
-36.1636 526.781 160
-35.5445 527.597 160
-34.9071 528.399 160
-34.2516 529.186 160
-33.5783 529.958 160
-32.8877 530.715 160
-32.1799 531.456 160
-31.4555 532.18 160
-30.7148 532.888 160
-29.9582 533.578 160
-29.1861 534.252 160
-28.3988 534.907 160
-27.5968 535.545 160
-26.7805 536.164 160
-25.9504 536.764 160
-25.1068 537.345 160
-24.2501 537.907 160
-23.3809 538.449 160
-22.4996 538.971 160
-21.6066 539.473 160
-20.7025 539.955 160
-19.7876 540.416 160
-18.8624 540.856 160
-17.9275 541.275 160
-16.9832 541.672 160
-16.0302 542.048 160
-15.0689 542.402 160
-14.0997 542.734 160
-13.1233 543.044 160
-12.14 543.332 160
-11.1505 543.597 160
-10.1551 543.839 160
-9.15454 544.059 160
-8.14921 544.256 160
-7.13965 544.43 160
-6.12639 544.581 160
-5.10996 544.709 160
-4.09088 544.814 160
-3.06968 544.895 160
-2.04689 544.953 160
-1.02303 544.988 160
0.00135 545 160
-3e-05 545 160
500 545 160
499.999 545 160
501.023 544.988 160
502.047 544.953 160
503.07 544.895 160
504.091 544.814 160
505.11 544.709 160
506.126 544.581 160
507.14 544.43 160
508.149 544.256 160
509.155 544.059 160
510.155 543.839 160
511.15 543.597 160
512.14 543.332 160
513.123 543.044 160
514.1 542.734 160
515.069 542.402 160
516.03 542.048 160
516.983 541.672 160
517.927 541.275 160
518.862 540.856 160
519.788 540.416 160
520.702 539.955 160
521.607 539.473 160
522.5 538.971 160
523.381 538.449 160
524.25 537.907 160
525.107 537.345 160
525.95 536.764 160
526.781 536.164 160
527.597 535.545 160
528.399 534.907 160
529.186 534.252 160
529.958 533.578 160
530.715 532.888 160
531.456 532.18 160
532.18 531.456 160
532.888 530.715 160
533.578 529.958 160
534.252 529.186 160
534.907 528.399 160
535.545 527.597 160
536.164 526.781 160
536.764 525.95 160
537.345 525.107 160
537.907 524.25 160
538.449 523.381 160
538.971 522.5 160
539.473 521.607 160
539.955 520.702 160
540.416 519.788 160
540.856 518.862 160
541.275 517.927 160
541.672 516.983 160
542.048 516.03 160
542.402 515.069 160
542.734 514.1 160
543.044 513.123 160
543.332 512.14 160
543.597 511.15 160
543.839 510.155 160
544.059 509.155 160
544.256 508.149 160
544.43 507.14 160
544.581 506.126 160
544.709 505.11 160
544.814 504.091 160
544.895 503.07 160
544.953 502.047 160
544.988 501.023 160
545 499.999 160
545 500 160
545 1.13687e-13 160
545 1.13687e-13 160
545 1.13687e-13 140
544.988 -1.02436 140
544.953 -2.0482 140
544.895 -3.07097 140
544.814 -4.09215 140
544.709 -5.11121 140
544.581 -6.12762 140
544.43 -7.14085 140
544.256 -8.15038 140
544.059 -9.15569 140
543.839 -10.1563 140
543.596 -11.1516 140
543.331 -12.1411 140
543.044 -13.1243 140
542.734 -14.1007 140
542.402 -15.0699 140
542.048 -16.0312 140
541.672 -16.9842 140
541.274 -17.9284 140
540.856 -18.8633 140
540.416 -19.7884 140
539.955 -20.7033 140
539.473 -21.6074 140
538.971 -22.5004 140
538.449 -23.3817 140
537.906 -24.2509 140
537.345 -25.1075 140
536.763 -25.951 140
536.163 -26.7812 140
535.544 -27.5975 140
534.907 -28.3994 140
534.251 -29.1867 140
533.578 -29.9588 140
532.887 -30.7154 140
532.179 -31.456 140
531.455 -32.1804 140
530.714 -32.8881 140
529.958 -33.5787 140
529.186 -34.252 140
528.398 -34.9075 140
527.596 -35.5449 140
526.78 -36.1639 140
525.95 -36.7641 140
525.106 -37.3453 140
524.25 -37.9071 140
523.381 -38.4493 140
522.499 -38.9716 140
521.606 -39.4737 140
520.702 -39.9553 140
519.787 -40.4162 140
518.862 -40.8561 140
517.927 -41.2749 140
516.983 -41.6723 140
516.03 -42.0481 140
515.069 -42.4021 140
514.099 -42.7341 140
513.123 -43.044 140
512.14 -43.3316 140
511.15 -43.5967 140
510.155 -43.8392 140
509.154 -44.059 140
508.149 -44.256 140
507.14 -44.43 140
506.126 -44.581 140
505.11 -44.7089 140
504.091 -44.8137 140
503.07 -44.8952 140
502.047 -44.9534 140
501.023 -44.9884 140
499.999 -45 140
500 -45 140
-3e-05 -45 140
0.00135 -45 140
-1.02303 -44.9884 140
-2.04689 -44.9534 140
-3.06968 -44.8952 140
-4.09088 -44.8137 140
-5.10996 -44.7089 140
-6.12639 -44.581 140
-7.13965 -44.43 140
-8.14921 -44.256 140
-9.15454 -44.059 140
-10.1551 -43.8392 140
-11.1505 -43.5966 140
-12.14 -43.3315 140
-13.1233 -43.0439 140
-14.0997 -42.734 140
-15.0689 -42.402 140
-16.0302 -42.048 140
-16.9832 -41.6722 140
-17.9275 -41.2748 140
-18.8624 -40.856 140
-19.7876 -40.416 140
-20.7025 -39.9551 140
-21.6066 -39.4735 140
-22.4996 -38.9714 140
-23.3809 -38.4491 140
-24.2501 -37.9069 140
-25.1068 -37.345 140
-25.9504 -36.7638 140
-26.7805 -36.1636 140
-27.5968 -35.5445 140
-28.3988 -34.9071 140
-29.1861 -34.2516 140
-29.9582 -33.5783 140
-30.7148 -32.8877 140
-31.4555 -32.1799 140
-32.1799 -31.4555 140
-32.8877 -30.7148 140
-33.5783 -29.9582 140
-34.2516 -29.1861 140
-34.9071 -28.3988 140
-35.5445 -27.5968 140
-36.1636 -26.7805 140
-36.7638 -25.9504 140
-37.345 -25.1068 140
-37.9069 -24.2501 140
-38.4491 -23.3809 140
-38.9714 -22.4996 140
-39.4735 -21.6066 140
-39.9551 -20.7025 140
-40.416 -19.7876 140
-40.856 -18.8624 140
-41.2748 -17.9275 140
-41.6722 -16.9832 140
-42.048 -16.0302 140
-42.402 -15.0689 140
-42.734 -14.0997 140
-43.0439 -13.1233 140
-43.3315 -12.14 140
-43.5966 -11.1505 140
-43.8392 -10.1551 140
-44.059 -9.15454 140
-44.256 -8.14921 140
-44.43 -7.13965 140
-44.581 -6.12639 140
-44.7089 -5.10996 140
-44.8137 -4.09088 140
-44.8952 -3.06968 140
-44.9534 -2.04689 140
-44.9884 -1.02303 140
-45 0.00135 140
-45 -3e-05 140
-45 500 140
-45 499.999 140
-44.9884 501.023 140
-44.9534 502.047 140
-44.8952 503.07 140
-44.8137 504.091 140
-44.7089 505.11 140
-44.581 506.126 140
-44.43 507.14 140
-44.256 508.149 140
-44.059 509.155 140
-43.8392 510.155 140
-43.5966 511.15 140
-43.3315 512.14 140
-43.0439 513.123 140
-42.734 514.1 140
-42.402 515.069 140
-42.048 516.03 140
-41.6722 516.983 140
-41.2748 517.927 140
-40.856 518.862 140
-40.416 519.788 140
-39.9551 520.702 140
-39.4735 521.607 140
-38.9714 522.5 140
-38.4491 523.381 140
-37.9069 524.25 140
-37.345 525.107 140
-36.7638 525.95 140
-36.1636 526.781 140
-35.5445 527.597 140
-34.9071 528.399 140
-34.2516 529.186 140
-33.5783 529.958 140
-32.8877 530.715 140
-32.1799 531.456 140
-31.4555 532.18 140
-30.7148 532.888 140
-29.9582 533.578 140
-29.1861 534.252 140
-28.3988 534.907 140
-27.5968 535.545 140
-26.7805 536.164 140
-25.9504 536.764 140
-25.1068 537.345 140
-24.2501 537.907 140
-23.3809 538.449 140
-22.4996 538.971 140
-21.6066 539.473 140
-20.7025 539.955 140
-19.7876 540.416 140
-18.8624 540.856 140
-17.9275 541.275 140
-16.9832 541.672 140
-16.0302 542.048 140
-15.0689 542.402 140
-14.0997 542.734 140
-13.1233 543.044 140
-12.14 543.332 140
-11.1505 543.597 140
-10.1551 543.839 140
-9.15454 544.059 140
-8.14921 544.256 140
-7.13965 544.43 140
-6.12639 544.581 140
-5.10996 544.709 140
-4.09088 544.814 140
-3.06968 544.895 140
-2.04689 544.953 140
-1.02303 544.988 140
0.00135 545 140
-3e-05 545 140
500 545 140
499.999 545 140
501.023 544.988 140
502.047 544.953 140
503.07 544.895 140
504.091 544.814 140
505.11 544.709 140
506.126 544.581 140
507.14 544.43 140
508.149 544.256 140
509.155 544.059 140
510.155 543.839 140
511.15 543.597 140
512.14 543.332 140
513.123 543.044 140
514.1 542.734 140
515.069 542.402 140
516.03 542.048 140
516.983 541.672 140
517.927 541.275 140
518.862 540.856 140
519.788 540.416 140
520.702 539.955 140
521.607 539.473 140
522.5 538.971 140
523.381 538.449 140
524.25 537.907 140
525.107 537.345 140
525.95 536.764 140
526.781 536.164 140
527.597 535.545 140
528.399 534.907 140
529.186 534.252 140
529.958 533.578 140
530.715 532.888 140
531.456 532.18 140
532.18 531.456 140
532.888 530.715 140
533.578 529.958 140
534.252 529.186 140
534.907 528.399 140
535.545 527.597 140
536.164 526.781 140
536.764 525.95 140
537.345 525.107 140
537.907 524.25 140
538.449 523.381 140
538.971 522.5 140
539.473 521.607 140
539.955 520.702 140
540.416 519.788 140
540.856 518.862 140
541.275 517.927 140
541.672 516.983 140
542.048 516.03 140
542.402 515.069 140
542.734 514.1 140
543.044 513.123 140
543.332 512.14 140
543.597 511.15 140
543.839 510.155 140
544.059 509.155 140
544.256 508.149 140
544.43 507.14 140
544.581 506.126 140
544.709 505.11 140
544.814 504.091 140
544.895 503.07 140
544.953 502.047 140
544.988 501.023 140
545 499.999 140
545 500 140
545 1.13687e-13 140
545 1.13687e-13 140
545 1.13687e-13 120
544.988 -1.02436 120
544.953 -2.0482 120
544.895 -3.07097 120
544.814 -4.09215 120
544.709 -5.11121 120
544.581 -6.12762 120
544.43 -7.14085 120
544.256 -8.15038 120
544.059 -9.15569 120
543.839 -10.1563 120
543.596 -11.1516 120
543.331 -12.1411 120
543.044 -13.1243 120
542.734 -14.1007 120
542.402 -15.0699 120
542.048 -16.0312 120
541.672 -16.9842 120
541.274 -17.9284 120
540.856 -18.8633 120
540.416 -19.7884 120
539.955 -20.7033 120
539.473 -21.6074 120
538.971 -22.5004 120
538.449 -23.3817 120
537.906 -24.2509 120
537.345 -25.1075 120
536.763 -25.951 120
536.163 -26.7812 120
535.544 -27.5975 120
534.907 -28.3994 120
534.251 -29.1867 120
533.578 -29.9588 120
532.887 -30.7154 120
532.179 -31.456 120
531.455 -32.1804 120
530.714 -32.8881 120
529.958 -33.5787 120
529.186 -34.252 120
528.398 -34.9075 120
527.596 -35.5449 120
526.78 -36.1639 120
525.95 -36.7641 120
525.106 -37.3453 120
524.25 -37.9071 120
523.381 -38.4493 120
522.499 -38.9716 120
521.606 -39.4737 120
520.702 -39.9553 120
519.787 -40.4162 120
518.862 -40.8561 120
517.927 -41.2749 120
516.983 -41.6723 120
516.03 -42.0481 120
515.069 -42.4021 120
514.099 -42.7341 120
513.123 -43.044 120
512.14 -43.3316 120
511.15 -43.5967 120
510.155 -43.8392 120
509.154 -44.059 120
508.149 -44.256 120
507.14 -44.43 120
506.126 -44.581 120
505.11 -44.7089 120
504.091 -44.8137 120
503.07 -44.8952 120
502.047 -44.9534 120
501.023 -44.9884 120
499.999 -45 120
500 -45 120
-3e-05 -45 120
0.00135 -45 120
-1.02303 -44.9884 120
-2.04689 -44.9534 120
-3.06968 -44.8952 120
-4.09088 -44.8137 120
-5.10996 -44.7089 120
-6.12639 -44.581 120
-7.13965 -44.43 120
-8.14921 -44.256 120
-9.15454 -44.059 120
-10.1551 -43.8392 120
-11.1505 -43.5966 120
-12.14 -43.3315 120
-13.1233 -43.0439 120
-14.0997 -42.734 120
-15.0689 -42.402 120
-16.0302 -42.048 120
-16.9832 -41.6722 120
-17.9275 -41.2748 120
-18.8624 -40.856 120
-19.7876 -40.416 120
-20.7025 -39.9551 120
-21.6066 -39.4735 120
-22.4996 -38.9714 120
-23.3809 -38.4491 120
-24.2501 -37.9069 120
-25.1068 -37.345 120
-25.9504 -36.7638 120
-26.7805 -36.1636 120
-27.5968 -35.5445 120
-28.3988 -34.9071 120
-29.1861 -34.2516 120
-29.9582 -33.5783 120
-30.7148 -32.8877 120
-31.4555 -32.1799 120
-32.1799 -31.4555 120
-32.8877 -30.7148 120
-33.5783 -29.9582 120
-34.2516 -29.1861 120
-34.9071 -28.3988 120
-35.5445 -27.5968 120
-36.1636 -26.7805 120
-36.7638 -25.9504 120
-37.345 -25.1068 120
-37.9069 -24.2501 120
-38.4491 -23.3809 120
-38.9714 -22.4996 120
-39.4735 -21.6066 120
-39.9551 -20.7025 120
-40.416 -19.7876 120
-40.856 -18.8624 120
-41.2748 -17.9275 120
-41.6722 -16.9832 120
-42.048 -16.0302 120
-42.402 -15.0689 120
-42.734 -14.0997 120
-43.0439 -13.1233 120
-43.3315 -12.14 120
-43.5966 -11.1505 120
-43.8392 -10.1551 120
-44.059 -9.15454 120
-44.256 -8.14921 120
-44.43 -7.13965 120
-44.581 -6.12639 120
-44.7089 -5.10996 120
-44.8137 -4.09088 120
-44.8952 -3.06968 120
-44.9534 -2.04689 120
-44.9884 -1.02303 120
-45 0.00135 120
-45 -3e-05 120
-45 500 120
-45 499.999 120
-44.9884 501.023 120
-44.9534 502.047 120
-44.8952 503.07 120
-44.8137 504.091 120
-44.7089 505.11 120
-44.581 506.126 120
-44.43 507.14 120
-44.256 508.149 120
-44.059 509.155 120
-43.8392 510.155 120
-43.5966 511.15 120
-43.3315 512.14 120
-43.0439 513.123 120
-42.734 514.1 120
-42.402 515.069 120
-42.048 516.03 120
-41.6722 516.983 120
-41.2748 517.927 120
-40.856 518.862 120
-40.416 519.788 120
-39.9551 520.702 120
-39.4735 521.607 120
-38.9714 522.5 120
-38.4491 523.381 120
-37.9069 524.25 120
-37.345 525.107 120
-36.7638 525.95 120
-36.1636 526.781 120
-35.5445 527.597 120
-34.9071 528.399 120
-34.2516 529.186 120
-33.5783 529.958 120
-32.8877 530.715 120
-32.1799 531.456 120
-31.4555 532.18 120
-30.7148 532.888 120
-29.9582 533.578 120
-29.1861 534.252 120
-28.3988 534.907 120
-27.5968 535.545 120
-26.7805 536.164 120
-25.9504 536.764 120
-25.1068 537.345 120
-24.2501 537.907 120
-23.3809 538.449 120
-22.4996 538.971 120
-21.6066 539.473 120
-20.7025 539.955 120
-19.7876 540.416 120
-18.8624 540.856 120
-17.9275 541.275 120
-16.9832 541.672 120
-16.0302 542.048 120
-15.0689 542.402 120
-14.0997 542.734 120
-13.1233 543.044 120
-12.14 543.332 120
-11.1505 543.597 120
-10.1551 543.839 120
-9.15454 544.059 120
-8.14921 544.256 120
-7.13965 544.43 120
-6.12639 544.581 120
-5.10996 544.709 120
-4.09088 544.814 120
-3.06968 544.895 120
-2.04689 544.953 120
-1.02303 544.988 120
0.00135 545 120
-3e-05 545 120
500 545 120
499.999 545 120
501.023 544.988 120
502.047 544.953 120
503.07 544.895 120
504.091 544.814 120
505.11 544.709 120
506.126 544.581 120
507.14 544.43 120
508.149 544.256 120
509.155 544.059 120
510.155 543.839 120
511.15 543.597 120
512.14 543.332 120
513.123 543.044 120
514.1 542.734 120
515.069 542.402 120
516.03 542.048 120
516.983 541.672 120
517.927 541.275 120
518.862 540.856 120
519.788 540.416 120
520.702 539.955 120
521.607 539.473 120
522.5 538.971 120
523.381 538.449 120
524.25 537.907 120
525.107 537.345 120
525.95 536.764 120
526.781 536.164 120
527.597 535.545 120
528.399 534.907 120
529.186 534.252 120
529.958 533.578 120
530.715 532.888 120
531.456 532.18 120
532.18 531.456 120
532.888 530.715 120
533.578 529.958 120
534.252 529.186 120
534.907 528.399 120
535.545 527.597 120
536.164 526.781 120
536.764 525.95 120
537.345 525.107 120
537.907 524.25 120
538.449 523.381 120
538.971 522.5 120
539.473 521.607 120
539.955 520.702 120
540.416 519.788 120
540.856 518.862 120
541.275 517.927 120
541.672 516.983 120
542.048 516.03 120
542.402 515.069 120
542.734 514.1 120
543.044 513.123 120
543.332 512.14 120
543.597 511.15 120
543.839 510.155 120
544.059 509.155 120
544.256 508.149 120
544.43 507.14 120
544.581 506.126 120
544.709 505.11 120
544.814 504.091 120
544.895 503.07 120
544.953 502.047 120
544.988 501.023 120
545 499.999 120
545 500 120
545 1.13687e-13 120
545 1.13687e-13 120
545 1.13687e-13 100
544.988 -1.02436 100
544.953 -2.0482 100
544.895 -3.07097 100
544.814 -4.09215 100
544.709 -5.11121 100
544.581 -6.12762 100
544.43 -7.14085 100
544.256 -8.15038 100
544.059 -9.15569 100
543.839 -10.1563 100
543.596 -11.1516 100
543.331 -12.1411 100
543.044 -13.1243 100
542.734 -14.1007 100
542.402 -15.0699 100
542.048 -16.0312 100
541.672 -16.9842 100
541.274 -17.9284 100
540.856 -18.8633 100
540.416 -19.7884 100
539.955 -20.7033 100
539.473 -21.6074 100
538.971 -22.5004 100
538.449 -23.3817 100
537.906 -24.2509 100
537.345 -25.1075 100
536.763 -25.951 100
536.163 -26.7812 100
535.544 -27.5975 100
534.907 -28.3994 100
534.251 -29.1867 100
533.578 -29.9588 100
532.887 -30.7154 100
532.179 -31.456 100
531.455 -32.1804 100
530.714 -32.8881 100
529.958 -33.5787 100
529.186 -34.252 100
528.398 -34.9075 100
527.596 -35.5449 100
526.78 -36.1639 100
525.95 -36.7641 100
525.106 -37.3453 100
524.25 -37.9071 100
523.381 -38.4493 100
522.499 -38.9716 100
521.606 -39.4737 100
520.702 -39.9553 100
519.787 -40.4162 100
518.862 -40.8561 100
517.927 -41.2749 100
516.983 -41.6723 100
516.03 -42.0481 100
515.069 -42.4021 100
514.099 -42.7341 100
513.123 -43.044 100
512.14 -43.3316 100
511.15 -43.5967 100
510.155 -43.8392 100
509.154 -44.059 100
508.149 -44.256 100
507.14 -44.43 100
506.126 -44.581 100
505.11 -44.7089 100
504.091 -44.8137 100
503.07 -44.8952 100
502.047 -44.9534 100
501.023 -44.9884 100
499.999 -45 100
500 -45 100
-3e-05 -45 100
0.00135 -45 100
-1.02303 -44.9884 100
-2.04689 -44.9534 100
-3.06968 -44.8952 100
-4.09088 -44.8137 100
-5.10996 -44.7089 100
-6.12639 -44.581 100
-7.13965 -44.43 100
-8.14921 -44.256 100
-9.15454 -44.059 100
-10.1551 -43.8392 100
-11.1505 -43.5966 100
-12.14 -43.3315 100
-13.1233 -43.0439 100
-14.0997 -42.734 100
-15.0689 -42.402 100
-16.0302 -42.048 100
-16.9832 -41.6722 100
-17.9275 -41.2748 100
-18.8624 -40.856 100
-19.7876 -40.416 100
-20.7025 -39.9551 100
-21.6066 -39.4735 100
-22.4996 -38.9714 100
-23.3809 -38.4491 100
-24.2501 -37.9069 100
-25.1068 -37.345 100
-25.9504 -36.7638 100
-26.7805 -36.1636 100
-27.5968 -35.5445 100
-28.3988 -34.9071 100
-29.1861 -34.2516 100
-29.9582 -33.5783 100
-30.7148 -32.8877 100
-31.4555 -32.1799 100
-32.1799 -31.4555 100
-32.8877 -30.7148 100
-33.5783 -29.9582 100
-34.2516 -29.1861 100
-34.9071 -28.3988 100
-35.5445 -27.5968 100
-36.1636 -26.7805 100
-36.7638 -25.9504 100
-37.345 -25.1068 100
-37.9069 -24.2501 100
-38.4491 -23.3809 100
-38.9714 -22.4996 100
-39.4735 -21.6066 100
-39.9551 -20.7025 100
-40.416 -19.7876 100
-40.856 -18.8624 100
-41.2748 -17.9275 100
-41.6722 -16.9832 100
-42.048 -16.0302 100
-42.402 -15.0689 100
-42.734 -14.0997 100
-43.0439 -13.1233 100
-43.3315 -12.14 100
-43.5966 -11.1505 100
-43.8392 -10.1551 100
-44.059 -9.15454 100
-44.256 -8.14921 100
-44.43 -7.13965 100
-44.581 -6.12639 100
-44.7089 -5.10996 100
-44.8137 -4.09088 100
-44.8952 -3.06968 100
-44.9534 -2.04689 100
-44.9884 -1.02303 100
-45 0.00135 100
-45 -3e-05 100
-45 500 100
-45 499.999 100
-44.9884 501.023 100
-44.9534 502.047 100
-44.8952 503.07 100
-44.8137 504.091 100
-44.7089 505.11 100
-44.581 506.126 100
-44.43 507.14 100
-44.256 508.149 100
-44.059 509.155 100
-43.8392 510.155 100
-43.5966 511.15 100
-43.3315 512.14 100
-43.0439 513.123 100
-42.734 514.1 100
-42.402 515.069 100
-42.048 516.03 100
-41.6722 516.983 100
-41.2748 517.927 100
-40.856 518.862 100
-40.416 519.788 100
-39.9551 520.702 100
-39.4735 521.607 100
-38.9714 522.5 100
-38.4491 523.381 100
-37.9069 524.25 100
-37.345 525.107 100
-36.7638 525.95 100
-36.1636 526.781 100
-35.5445 527.597 100
-34.9071 528.399 100
-34.2516 529.186 100
-33.5783 529.958 100
-32.8877 530.715 100
-32.1799 531.456 100
-31.4555 532.18 100
-30.7148 532.888 100
-29.9582 533.578 100
-29.1861 534.252 100
-28.3988 534.907 100
-27.5968 535.545 100
-26.7805 536.164 100
-25.9504 536.764 100
-25.1068 537.345 100
-24.2501 537.907 100
-23.3809 538.449 100
-22.4996 538.971 100
-21.6066 539.473 100
-20.7025 539.955 100
-19.7876 540.416 100
-18.8624 540.856 100
-17.9275 541.275 100
-16.9832 541.672 100
-16.0302 542.048 100
-15.0689 542.402 100
-14.0997 542.734 100
-13.1233 543.044 100
-12.14 543.332 100
-11.1505 543.597 100
-10.1551 543.839 100
-9.15454 544.059 100
-8.14921 544.256 100
-7.13965 544.43 100
-6.12639 544.581 100
-5.10996 544.709 100
-4.09088 544.814 100
-3.06968 544.895 100
-2.04689 544.953 100
-1.02303 544.988 100
0.00135 545 100
-3e-05 545 100
500 545 100
499.999 545 100
501.023 544.988 100
502.047 544.953 100
503.07 544.895 100
504.091 544.814 100
505.11 544.709 100
506.126 544.581 100
507.14 544.43 100
508.149 544.256 100
509.155 544.059 100
510.155 543.839 100
511.15 543.597 100
512.14 543.332 100
513.123 543.044 100
514.1 542.734 100
515.069 542.402 100
516.03 542.048 100
516.983 541.672 100
517.927 541.275 100
518.862 540.856 100
519.788 540.416 100
520.702 539.955 100
521.607 539.473 100
522.5 538.971 100
523.381 538.449 100
524.25 537.907 100
525.107 537.345 100
525.95 536.764 100
526.781 536.164 100
527.597 535.545 100
528.399 534.907 100
529.186 534.252 100
529.958 533.578 100
530.715 532.888 100
531.456 532.18 100
532.18 531.456 100
532.888 530.715 100
533.578 529.958 100
534.252 529.186 100
534.907 528.399 100
535.545 527.597 100
536.164 526.781 100
536.764 525.95 100
537.345 525.107 100
537.907 524.25 100
538.449 523.381 100
538.971 522.5 100
539.473 521.607 100
539.955 520.702 100
540.416 519.788 100
540.856 518.862 100
541.275 517.927 100
541.672 516.983 100
542.048 516.03 100
542.402 515.069 100
542.734 514.1 100
543.044 513.123 100
543.332 512.14 100
543.597 511.15 100
543.839 510.155 100
544.059 509.155 100
544.256 508.149 100
544.43 507.14 100
544.581 506.126 100
544.709 505.11 100
544.814 504.091 100
544.895 503.07 100
544.953 502.047 100
544.988 501.023 100
545 499.999 100
545 500 100
545 1.13687e-13 100
545 1.13687e-13 100
545 1.13687e-13 80
544.988 -1.02436 80
544.953 -2.0482 80
544.895 -3.07097 80
544.814 -4.09215 80
544.709 -5.11121 80
544.581 -6.12762 80
544.43 -7.14085 80
544.256 -8.15038 80
544.059 -9.15569 80
543.839 -10.1563 80
543.596 -11.1516 80
543.331 -12.1411 80
543.044 -13.1243 80
542.734 -14.1007 80
542.402 -15.0699 80
542.048 -16.0312 80
541.672 -16.9842 80
541.274 -17.9284 80
540.856 -18.8633 80
540.416 -19.7884 80
539.955 -20.7033 80
539.473 -21.6074 80
538.971 -22.5004 80
538.449 -23.3817 80
537.906 -24.2509 80
537.345 -25.1075 80
536.763 -25.951 80
536.163 -26.7812 80
535.544 -27.5975 80
534.907 -28.3994 80
534.251 -29.1867 80
533.578 -29.9588 80
532.887 -30.7154 80
532.179 -31.456 80
531.455 -32.1804 80
530.714 -32.8881 80
529.958 -33.5787 80
529.186 -34.252 80
528.398 -34.9075 80
527.596 -35.5449 80
526.78 -36.1639 80
525.95 -36.7641 80
525.106 -37.3453 80
524.25 -37.9071 80
523.381 -38.4493 80
522.499 -38.9716 80
521.606 -39.4737 80
520.702 -39.9553 80
519.787 -40.4162 80
518.862 -40.8561 80
517.927 -41.2749 80
516.983 -41.6723 80
516.03 -42.0481 80
515.069 -42.4021 80
514.099 -42.7341 80
513.123 -43.044 80
512.14 -43.3316 80
511.15 -43.5967 80
510.155 -43.8392 80
509.154 -44.059 80
508.149 -44.256 80
507.14 -44.43 80
506.126 -44.581 80
505.11 -44.7089 80
504.091 -44.8137 80
503.07 -44.8952 80
502.047 -44.9534 80
501.023 -44.9884 80
499.999 -45 80
500 -45 80
-3e-05 -45 80
0.00135 -45 80
-1.02303 -44.9884 80
-2.04689 -44.9534 80
-3.06968 -44.8952 80
-4.09088 -44.8137 80
-5.10996 -44.7089 80
-6.12639 -44.581 80
-7.13965 -44.43 80
-8.14921 -44.256 80
-9.15454 -44.059 80
-10.1551 -43.8392 80
-11.1505 -43.5966 80
-12.14 -43.3315 80
-13.1233 -43.0439 80
-14.0997 -42.734 80
-15.0689 -42.402 80
-16.0302 -42.048 80
-16.9832 -41.6722 80
-17.9275 -41.2748 80
-18.8624 -40.856 80
-19.7876 -40.416 80
-20.7025 -39.9551 80
-21.6066 -39.4735 80
-22.4996 -38.9714 80
-23.3809 -38.4491 80
-24.2501 -37.9069 80
-25.1068 -37.345 80
-25.9504 -36.7638 80
-26.7805 -36.1636 80
-27.5968 -35.5445 80
-28.3988 -34.9071 80
-29.1861 -34.2516 80
-29.9582 -33.5783 80
-30.7148 -32.8877 80
-31.4555 -32.1799 80
-32.1799 -31.4555 80
-32.8877 -30.7148 80
-33.5783 -29.9582 80
-34.2516 -29.1861 80
-34.9071 -28.3988 80
-35.5445 -27.5968 80
-36.1636 -26.7805 80
-36.7638 -25.9504 80
-37.345 -25.1068 80
-37.9069 -24.2501 80
-38.4491 -23.3809 80
-38.9714 -22.4996 80
-39.4735 -21.6066 80
-39.9551 -20.7025 80
-40.416 -19.7876 80
-40.856 -18.8624 80
-41.2748 -17.9275 80
-41.6722 -16.9832 80
-42.048 -16.0302 80
-42.402 -15.0689 80
-42.734 -14.0997 80
-43.0439 -13.1233 80
-43.3315 -12.14 80
-43.5966 -11.1505 80
-43.8392 -10.1551 80
-44.059 -9.15454 80
-44.256 -8.14921 80
-44.43 -7.13965 80
-44.581 -6.12639 80
-44.7089 -5.10996 80
-44.8137 -4.09088 80
-44.8952 -3.06968 80
-44.9534 -2.04689 80
-44.9884 -1.02303 80
-45 0.00135 80
-45 -3e-05 80
-45 500 80
-45 499.999 80
-44.9884 501.023 80
-44.9534 502.047 80
-44.8952 503.07 80
-44.8137 504.091 80
-44.7089 505.11 80
-44.581 506.126 80
-44.43 507.14 80
-44.256 508.149 80
-44.059 509.155 80
-43.8392 510.155 80
-43.5966 511.15 80
-43.3315 512.14 80
-43.0439 513.123 80
-42.734 514.1 80
-42.402 515.069 80
-42.048 516.03 80
-41.6722 516.983 80
-41.2748 517.927 80
-40.856 518.862 80
-40.416 519.788 80
-39.9551 520.702 80
-39.4735 521.607 80
-38.9714 522.5 80
-38.4491 523.381 80
-37.9069 524.25 80
-37.345 525.107 80
-36.7638 525.95 80
-36.1636 526.781 80
-35.5445 527.597 80
-34.9071 528.399 80
-34.2516 529.186 80
-33.5783 529.958 80
-32.8877 530.715 80
-32.1799 531.456 80
-31.4555 532.18 80
-30.7148 532.888 80
-29.9582 533.578 80
-29.1861 534.252 80
-28.3988 534.907 80
-27.5968 535.545 80
-26.7805 536.164 80
-25.9504 536.764 80
-25.1068 537.345 80
-24.2501 537.907 80
-23.3809 538.449 80
-22.4996 538.971 80
-21.6066 539.473 80
-20.7025 539.955 80
-19.7876 540.416 80
-18.8624 540.856 80
-17.9275 541.275 80
-16.9832 541.672 80
-16.0302 542.048 80
-15.0689 542.402 80
-14.0997 542.734 80
-13.1233 543.044 80
-12.14 543.332 80
-11.1505 543.597 80
-10.1551 543.839 80
-9.15454 544.059 80
-8.14921 544.256 80
-7.13965 544.43 80
-6.12639 544.581 80
-5.10996 544.709 80
-4.09088 544.814 80
-3.06968 544.895 80
-2.04689 544.953 80
-1.02303 544.988 80
0.00135 545 80
-3e-05 545 80
500 545 80
499.999 545 80
501.023 544.988 80
502.047 544.953 80
503.07 544.895 80
504.091 544.814 80
505.11 544.709 80
506.126 544.581 80
507.14 544.43 80
508.149 544.256 80
509.155 544.059 80
510.155 543.839 80
511.15 543.597 80
512.14 543.332 80
513.123 543.044 80
514.1 542.734 80
515.069 542.402 80
516.03 542.048 80
516.983 541.672 80
517.927 541.275 80
518.862 540.856 80
519.788 540.416 80
520.702 539.955 80
521.607 539.473 80
522.5 538.971 80
523.381 538.449 80
524.25 537.907 80
525.107 537.345 80
525.95 536.764 80
526.781 536.164 80
527.597 535.545 80
528.399 534.907 80
529.186 534.252 80
529.958 533.578 80
530.715 532.888 80
531.456 532.18 80
532.18 531.456 80
532.888 530.715 80
533.578 529.958 80
534.252 529.186 80
534.907 528.399 80
535.545 527.597 80
536.164 526.781 80
536.764 525.95 80
537.345 525.107 80
537.907 524.25 80
538.449 523.381 80
538.971 522.5 80
539.473 521.607 80
539.955 520.702 80
540.416 519.788 80
540.856 518.862 80
541.275 517.927 80
541.672 516.983 80
542.048 516.03 80
542.402 515.069 80
542.734 514.1 80
543.044 513.123 80
543.332 512.14 80
543.597 511.15 80
543.839 510.155 80
544.059 509.155 80
544.256 508.149 80
544.43 507.14 80
544.581 506.126 80
544.709 505.11 80
544.814 504.091 80
544.895 503.07 80
544.953 502.047 80
544.988 501.023 80
545 499.999 80
545 500 80
545 1.13687e-13 80
545 1.13687e-13 80
545 1.13687e-13 60
544.988 -1.02436 60
544.953 -2.0482 60
544.895 -3.07097 60
544.814 -4.09215 60
544.709 -5.11121 60
544.581 -6.12762 60
544.43 -7.14085 60
544.256 -8.15038 60
544.059 -9.15569 60
543.839 -10.1563 60
543.596 -11.1516 60
543.331 -12.1411 60
543.044 -13.1243 60
542.734 -14.1007 60
542.402 -15.0699 60
542.048 -16.0312 60
541.672 -16.9842 60
541.274 -17.9284 60
540.856 -18.8633 60
540.416 -19.7884 60
539.955 -20.7033 60
539.473 -21.6074 60
538.971 -22.5004 60
538.449 -23.3817 60
537.906 -24.2509 60
537.345 -25.1075 60
536.763 -25.951 60
536.163 -26.7812 60
535.544 -27.5975 60
534.907 -28.3994 60
534.251 -29.1867 60
533.578 -29.9588 60
532.887 -30.7154 60
532.179 -31.456 60
531.455 -32.1804 60
530.714 -32.8881 60
529.958 -33.5787 60
529.186 -34.252 60
528.398 -34.9075 60
527.596 -35.5449 60
526.78 -36.1639 60
525.95 -36.7641 60
525.106 -37.3453 60
524.25 -37.9071 60
523.381 -38.4493 60
522.499 -38.9716 60
521.606 -39.4737 60
520.702 -39.9553 60
519.787 -40.4162 60
518.862 -40.8561 60
517.927 -41.2749 60
516.983 -41.6723 60
516.03 -42.0481 60
515.069 -42.4021 60
514.099 -42.7341 60
513.123 -43.044 60
512.14 -43.3316 60
511.15 -43.5967 60
510.155 -43.8392 60
509.154 -44.059 60
508.149 -44.256 60
507.14 -44.43 60
506.126 -44.581 60
505.11 -44.7089 60
504.091 -44.8137 60
503.07 -44.8952 60
502.047 -44.9534 60
501.023 -44.9884 60
499.999 -45 60
500 -45 60
-3e-05 -45 60
0.00135 -45 60
-1.02303 -44.9884 60
-2.04689 -44.9534 60
-3.06968 -44.8952 60
-4.09088 -44.8137 60
-5.10996 -44.7089 60
-6.12639 -44.581 60
-7.13965 -44.43 60
-8.14921 -44.256 60
-9.15454 -44.059 60
-10.1551 -43.8392 60
-11.1505 -43.5966 60
-12.14 -43.3315 60
-13.1233 -43.0439 60
-14.0997 -42.734 60
-15.0689 -42.402 60
-16.0302 -42.048 60
-16.9832 -41.6722 60
-17.9275 -41.2748 60
-18.8624 -40.856 60
-19.7876 -40.416 60
-20.7025 -39.9551 60
-21.6066 -39.4735 60
-22.4996 -38.9714 60
-23.3809 -38.4491 60
-24.2501 -37.9069 60
-25.1068 -37.345 60
-25.9504 -36.7638 60
-26.7805 -36.1636 60
-27.5968 -35.5445 60
-28.3988 -34.9071 60
-29.1861 -34.2516 60
-29.9582 -33.5783 60
-30.7148 -32.8877 60
-31.4555 -32.1799 60
-32.1799 -31.4555 60
-32.8877 -30.7148 60
-33.5783 -29.9582 60
-34.2516 -29.1861 60
-34.9071 -28.3988 60
-35.5445 -27.5968 60
-36.1636 -26.7805 60
-36.7638 -25.9504 60
-37.345 -25.1068 60
-37.9069 -24.2501 60
-38.4491 -23.3809 60
-38.9714 -22.4996 60
-39.4735 -21.6066 60
-39.9551 -20.7025 60
-40.416 -19.7876 60
-40.856 -18.8624 60
-41.2748 -17.9275 60
-41.6722 -16.9832 60
-42.048 -16.0302 60
-42.402 -15.0689 60
-42.734 -14.0997 60
-43.0439 -13.1233 60
-43.3315 -12.14 60
-43.5966 -11.1505 60
-43.8392 -10.1551 60
-44.059 -9.15454 60
-44.256 -8.14921 60
-44.43 -7.13965 60
-44.581 -6.12639 60
-44.7089 -5.10996 60
-44.8137 -4.09088 60
-44.8952 -3.06968 60
-44.9534 -2.04689 60
-44.9884 -1.02303 60
-45 0.00135 60
-45 -3e-05 60
-45 500 60
-45 499.999 60
-44.9884 501.023 60
-44.9534 502.047 60
-44.8952 503.07 60
-44.8137 504.091 60
-44.7089 505.11 60
-44.581 506.126 60
-44.43 507.14 60
-44.256 508.149 60
-44.059 509.155 60
-43.8392 510.155 60
-43.5966 511.15 60
-43.3315 512.14 60
-43.0439 513.123 60
-42.734 514.1 60
-42.402 515.069 60
-42.048 516.03 60
-41.6722 516.983 60
-41.2748 517.927 60
-40.856 518.862 60
-40.416 519.788 60
-39.9551 520.702 60
-39.4735 521.607 60
-38.9714 522.5 60
-38.4491 523.381 60
-37.9069 524.25 60
-37.345 525.107 60
-36.7638 525.95 60
-36.1636 526.781 60
-35.5445 527.597 60
-34.9071 528.399 60
-34.2516 529.186 60
-33.5783 529.958 60
-32.8877 530.715 60
-32.1799 531.456 60
-31.4555 532.18 60
-30.7148 532.888 60
-29.9582 533.578 60
-29.1861 534.252 60
-28.3988 534.907 60
-27.5968 535.545 60
-26.7805 536.164 60
-25.9504 536.764 60
-25.1068 537.345 60
-24.2501 537.907 60
-23.3809 538.449 60
-22.4996 538.971 60
-21.6066 539.473 60
-20.7025 539.955 60
-19.7876 540.416 60
-18.8624 540.856 60
-17.9275 541.275 60
-16.9832 541.672 60
-16.0302 542.048 60
-15.0689 542.402 60
-14.0997 542.734 60
-13.1233 543.044 60
-12.14 543.332 60
-11.1505 543.597 60
-10.1551 543.839 60
-9.15454 544.059 60
-8.14921 544.256 60
-7.13965 544.43 60
-6.12639 544.581 60
-5.10996 544.709 60
-4.09088 544.814 60
-3.06968 544.895 60
-2.04689 544.953 60
-1.02303 544.988 60
0.00135 545 60
-3e-05 545 60
500 545 60
499.999 545 60
501.023 544.988 60
502.047 544.953 60
503.07 544.895 60
504.091 544.814 60
505.11 544.709 60
506.126 544.581 60
507.14 544.43 60
508.149 544.256 60
509.155 544.059 60
510.155 543.839 60
511.15 543.597 60
512.14 543.332 60
513.123 543.044 60
514.1 542.734 60
515.069 542.402 60
516.03 542.048 60
516.983 541.672 60
517.927 541.275 60
518.862 540.856 60
519.788 540.416 60
520.702 539.955 60
521.607 539.473 60
522.5 538.971 60
523.381 538.449 60
524.25 537.907 60
525.107 537.345 60
525.95 536.764 60
526.781 536.164 60
527.597 535.545 60
528.399 534.907 60
529.186 534.252 60
529.958 533.578 60
530.715 532.888 60
531.456 532.18 60
532.18 531.456 60
532.888 530.715 60
533.578 529.958 60
534.252 529.186 60
534.907 528.399 60
535.545 527.597 60
536.164 526.781 60
536.764 525.95 60
537.345 525.107 60
537.907 524.25 60
538.449 523.381 60
538.971 522.5 60
539.473 521.607 60
539.955 520.702 60
540.416 519.788 60
540.856 518.862 60
541.275 517.927 60
541.672 516.983 60
542.048 516.03 60
542.402 515.069 60
542.734 514.1 60
543.044 513.123 60
543.332 512.14 60
543.597 511.15 60
543.839 510.155 60
544.059 509.155 60
544.256 508.149 60
544.43 507.14 60
544.581 506.126 60
544.709 505.11 60
544.814 504.091 60
544.895 503.07 60
544.953 502.047 60
544.988 501.023 60
545 499.999 60
545 500 60
545 1.13687e-13 60
545 1.13687e-13 60
545 1.13687e-13 40
544.988 -1.02436 40
544.953 -2.0482 40
544.895 -3.07097 40
544.814 -4.09215 40
544.709 -5.11121 40
544.581 -6.12762 40
544.43 -7.14085 40
544.256 -8.15038 40
544.059 -9.15569 40
543.839 -10.1563 40
543.596 -11.1516 40
543.331 -12.1411 40
543.044 -13.1243 40
542.734 -14.1007 40
542.402 -15.0699 40
542.048 -16.0312 40
541.672 -16.9842 40
541.274 -17.9284 40
540.856 -18.8633 40
540.416 -19.7884 40
539.955 -20.7033 40
539.473 -21.6074 40
538.971 -22.5004 40
538.449 -23.3817 40
537.906 -24.2509 40
537.345 -25.1075 40
536.763 -25.951 40
536.163 -26.7812 40
535.544 -27.5975 40
534.907 -28.3994 40
534.251 -29.1867 40
533.578 -29.9588 40
532.887 -30.7154 40
532.179 -31.456 40
531.455 -32.1804 40
530.714 -32.8881 40
529.958 -33.5787 40
529.186 -34.252 40
528.398 -34.9075 40
527.596 -35.5449 40
526.78 -36.1639 40
525.95 -36.7641 40
525.106 -37.3453 40
524.25 -37.9071 40
523.381 -38.4493 40
522.499 -38.9716 40
521.606 -39.4737 40
520.702 -39.9553 40
519.787 -40.4162 40
518.862 -40.8561 40
517.927 -41.2749 40
516.983 -41.6723 40
516.03 -42.0481 40
515.069 -42.4021 40
514.099 -42.7341 40
513.123 -43.044 40
512.14 -43.3316 40
511.15 -43.5967 40
510.155 -43.8392 40
509.154 -44.059 40
508.149 -44.256 40
507.14 -44.43 40
506.126 -44.581 40
505.11 -44.7089 40
504.091 -44.8137 40
503.07 -44.8952 40
502.047 -44.9534 40
501.023 -44.9884 40
499.999 -45 40
500 -45 40
-3e-05 -45 40
0.00135 -45 40
-1.02303 -44.9884 40
-2.04689 -44.9534 40
-3.06968 -44.8952 40
-4.09088 -44.8137 40
-5.10996 -44.7089 40
-6.12639 -44.581 40
-7.13965 -44.43 40
-8.14921 -44.256 40
-9.15454 -44.059 40
-10.1551 -43.8392 40
-11.1505 -43.5966 40
-12.14 -43.3315 40
-13.1233 -43.0439 40
-14.0997 -42.734 40
-15.0689 -42.402 40
-16.0302 -42.048 40
-16.9832 -41.6722 40
-17.9275 -41.2748 40
-18.8624 -40.856 40
-19.7876 -40.416 40
-20.7025 -39.9551 40
-21.6066 -39.4735 40
-22.4996 -38.9714 40
-23.3809 -38.4491 40
-24.2501 -37.9069 40
-25.1068 -37.345 40
-25.9504 -36.7638 40
-26.7805 -36.1636 40
-27.5968 -35.5445 40
-28.3988 -34.9071 40
-29.1861 -34.2516 40
-29.9582 -33.5783 40
-30.7148 -32.8877 40
-31.4555 -32.1799 40
-32.1799 -31.4555 40
-32.8877 -30.7148 40
-33.5783 -29.9582 40
-34.2516 -29.1861 40
-34.9071 -28.3988 40
-35.5445 -27.5968 40
-36.1636 -26.7805 40
-36.7638 -25.9504 40
-37.345 -25.1068 40
-37.9069 -24.2501 40
-38.4491 -23.3809 40
-38.9714 -22.4996 40
-39.4735 -21.6066 40
-39.9551 -20.7025 40
-40.416 -19.7876 40
-40.856 -18.8624 40
-41.2748 -17.9275 40
-41.6722 -16.9832 40
-42.048 -16.0302 40
-42.402 -15.0689 40
-42.734 -14.0997 40
-43.0439 -13.1233 40
-43.3315 -12.14 40
-43.5966 -11.1505 40
-43.8392 -10.1551 40
-44.059 -9.15454 40
-44.256 -8.14921 40
-44.43 -7.13965 40
-44.581 -6.12639 40
-44.7089 -5.10996 40
-44.8137 -4.09088 40
-44.8952 -3.06968 40
-44.9534 -2.04689 40
-44.9884 -1.02303 40
-45 0.00135 40
-45 -3e-05 40
-45 500 40
-45 499.999 40
-44.9884 501.023 40
-44.9534 502.047 40
-44.8952 503.07 40
-44.8137 504.091 40
-44.7089 505.11 40
-44.581 506.126 40
-44.43 507.14 40
-44.256 508.149 40
-44.059 509.155 40
-43.8392 510.155 40
-43.5966 511.15 40
-43.3315 512.14 40
-43.0439 513.123 40
-42.734 514.1 40
-42.402 515.069 40
-42.048 516.03 40
-41.6722 516.983 40
-41.2748 517.927 40
-40.856 518.862 40
-40.416 519.788 40
-39.9551 520.702 40
-39.4735 521.607 40
-38.9714 522.5 40
-38.4491 523.381 40
-37.9069 524.25 40
-37.345 525.107 40
-36.7638 525.95 40
-36.1636 526.781 40
-35.5445 527.597 40
-34.9071 528.399 40
-34.2516 529.186 40
-33.5783 529.958 40
-32.8877 530.715 40
-32.1799 531.456 40
-31.4555 532.18 40
-30.7148 532.888 40
-29.9582 533.578 40
-29.1861 534.252 40
-28.3988 534.907 40
-27.5968 535.545 40
-26.7805 536.164 40
-25.9504 536.764 40
-25.1068 537.345 40
-24.2501 537.907 40
-23.3809 538.449 40
-22.4996 538.971 40
-21.6066 539.473 40
-20.7025 539.955 40
-19.7876 540.416 40
-18.8624 540.856 40
-17.9275 541.275 40
-16.9832 541.672 40
-16.0302 542.048 40
-15.0689 542.402 40
-14.0997 542.734 40
-13.1233 543.044 40
-12.14 543.332 40
-11.1505 543.597 40
-10.1551 543.839 40
-9.15454 544.059 40
-8.14921 544.256 40
-7.13965 544.43 40
-6.12639 544.581 40
-5.10996 544.709 40
-4.09088 544.814 40
-3.06968 544.895 40
-2.04689 544.953 40
-1.02303 544.988 40
0.00135 545 40
-3e-05 545 40
500 545 40
499.999 545 40
501.023 544.988 40
502.047 544.953 40
503.07 544.895 40
504.091 544.814 40
505.11 544.709 40
506.126 544.581 40
507.14 544.43 40
508.149 544.256 40
509.155 544.059 40
510.155 543.839 40
511.15 543.597 40
512.14 543.332 40
513.123 543.044 40
514.1 542.734 40
515.069 542.402 40
516.03 542.048 40
516.983 541.672 40
517.927 541.275 40
518.862 540.856 40
519.788 540.416 40
520.702 539.955 40
521.607 539.473 40
522.5 538.971 40
523.381 538.449 40
524.25 537.907 40
525.107 537.345 40
525.95 536.764 40
526.781 536.164 40
527.597 535.545 40
528.399 534.907 40
529.186 534.252 40
529.958 533.578 40
530.715 532.888 40
531.456 532.18 40
532.18 531.456 40
532.888 530.715 40
533.578 529.958 40
534.252 529.186 40
534.907 528.399 40
535.545 527.597 40
536.164 526.781 40
536.764 525.95 40
537.345 525.107 40
537.907 524.25 40
538.449 523.381 40
538.971 522.5 40
539.473 521.607 40
539.955 520.702 40
540.416 519.788 40
540.856 518.862 40
541.275 517.927 40
541.672 516.983 40
542.048 516.03 40
542.402 515.069 40
542.734 514.1 40
543.044 513.123 40
543.332 512.14 40
543.597 511.15 40
543.839 510.155 40
544.059 509.155 40
544.256 508.149 40
544.43 507.14 40
544.581 506.126 40
544.709 505.11 40
544.814 504.091 40
544.895 503.07 40
544.953 502.047 40
544.988 501.023 40
545 499.999 40
545 500 40
545 1.13687e-13 40
545 1.13687e-13 40
545 1.13687e-13 20
544.988 -1.02436 20
544.953 -2.0482 20
544.895 -3.07097 20
544.814 -4.09215 20
544.709 -5.11121 20
544.581 -6.12762 20
544.43 -7.14085 20
544.256 -8.15038 20
544.059 -9.15569 20
543.839 -10.1563 20
543.596 -11.1516 20
543.331 -12.1411 20
543.044 -13.1243 20
542.734 -14.1007 20
542.402 -15.0699 20
542.048 -16.0312 20
541.672 -16.9842 20
541.274 -17.9284 20
540.856 -18.8633 20
540.416 -19.7884 20
539.955 -20.7033 20
539.473 -21.6074 20
538.971 -22.5004 20
538.449 -23.3817 20
537.906 -24.2509 20
537.345 -25.1075 20
536.763 -25.951 20
536.163 -26.7812 20
535.544 -27.5975 20
534.907 -28.3994 20
534.251 -29.1867 20
533.578 -29.9588 20
532.887 -30.7154 20
532.179 -31.456 20
531.455 -32.1804 20
530.714 -32.8881 20
529.958 -33.5787 20
529.186 -34.252 20
528.398 -34.9075 20
527.596 -35.5449 20
526.78 -36.1639 20
525.95 -36.7641 20
525.106 -37.3453 20
524.25 -37.9071 20
523.381 -38.4493 20
522.499 -38.9716 20
521.606 -39.4737 20
520.702 -39.9553 20
519.787 -40.4162 20
518.862 -40.8561 20
517.927 -41.2749 20
516.983 -41.6723 20
516.03 -42.0481 20
515.069 -42.4021 20
514.099 -42.7341 20
513.123 -43.044 20
512.14 -43.3316 20
511.15 -43.5967 20
510.155 -43.8392 20
509.154 -44.059 20
508.149 -44.256 20
507.14 -44.43 20
506.126 -44.581 20
505.11 -44.7089 20
504.091 -44.8137 20
503.07 -44.8952 20
502.047 -44.9534 20
501.023 -44.9884 20
499.999 -45 20
500 -45 20
-3e-05 -45 20
0.00135 -45 20
-1.02303 -44.9884 20
-2.04689 -44.9534 20
-3.06968 -44.8952 20
-4.09088 -44.8137 20
-5.10996 -44.7089 20
-6.12639 -44.581 20
-7.13965 -44.43 20
-8.14921 -44.256 20
-9.15454 -44.059 20
-10.1551 -43.8392 20
-11.1505 -43.5966 20
-12.14 -43.3315 20
-13.1233 -43.0439 20
-14.0997 -42.734 20
-15.0689 -42.402 20
-16.0302 -42.048 20
-16.9832 -41.6722 20
-17.9275 -41.2748 20
-18.8624 -40.856 20
-19.7876 -40.416 20
-20.7025 -39.9551 20
-21.6066 -39.4735 20
-22.4996 -38.9714 20
-23.3809 -38.4491 20
-24.2501 -37.9069 20
-25.1068 -37.345 20
-25.9504 -36.7638 20
-26.7805 -36.1636 20
-27.5968 -35.5445 20
-28.3988 -34.9071 20
-29.1861 -34.2516 20
-29.9582 -33.5783 20
-30.7148 -32.8877 20
-31.4555 -32.1799 20
-32.1799 -31.4555 20
-32.8877 -30.7148 20
-33.5783 -29.9582 20
-34.2516 -29.1861 20
-34.9071 -28.3988 20
-35.5445 -27.5968 20
-36.1636 -26.7805 20
-36.7638 -25.9504 20
-37.345 -25.1068 20
-37.9069 -24.2501 20
-38.4491 -23.3809 20
-38.9714 -22.4996 20
-39.4735 -21.6066 20
-39.9551 -20.7025 20
-40.416 -19.7876 20
-40.856 -18.8624 20
-41.2748 -17.9275 20
-41.6722 -16.9832 20
-42.048 -16.0302 20
-42.402 -15.0689 20
-42.734 -14.0997 20
-43.0439 -13.1233 20
-43.3315 -12.14 20
-43.5966 -11.1505 20
-43.8392 -10.1551 20
-44.059 -9.15454 20
-44.256 -8.14921 20
-44.43 -7.13965 20
-44.581 -6.12639 20
-44.7089 -5.10996 20
-44.8137 -4.09088 20
-44.8952 -3.06968 20
-44.9534 -2.04689 20
-44.9884 -1.02303 20
-45 0.00135 20
-45 -3e-05 20
-45 500 20
-45 499.999 20
-44.9884 501.023 20
-44.9534 502.047 20
-44.8952 503.07 20
-44.8137 504.091 20
-44.7089 505.11 20
-44.581 506.126 20
-44.43 507.14 20
-44.256 508.149 20
-44.059 509.155 20
-43.8392 510.155 20
-43.5966 511.15 20
-43.3315 512.14 20
-43.0439 513.123 20
-42.734 514.1 20
-42.402 515.069 20
-42.048 516.03 20
-41.6722 516.983 20
-41.2748 517.927 20
-40.856 518.862 20
-40.416 519.788 20
-39.9551 520.702 20
-39.4735 521.607 20
-38.9714 522.5 20
-38.4491 523.381 20
-37.9069 524.25 20
-37.345 525.107 20
-36.7638 525.95 20
-36.1636 526.781 20
-35.5445 527.597 20
-34.9071 528.399 20
-34.2516 529.186 20
-33.5783 529.958 20
-32.8877 530.715 20
-32.1799 531.456 20
-31.4555 532.18 20
-30.7148 532.888 20
-29.9582 533.578 20
-29.1861 534.252 20
-28.3988 534.907 20
-27.5968 535.545 20
-26.7805 536.164 20
-25.9504 536.764 20
-25.1068 537.345 20
-24.2501 537.907 20
-23.3809 538.449 20
-22.4996 538.971 20
-21.6066 539.473 20
-20.7025 539.955 20
-19.7876 540.416 20
-18.8624 540.856 20
-17.9275 541.275 20
-16.9832 541.672 20
-16.0302 542.048 20
-15.0689 542.402 20
-14.0997 542.734 20
-13.1233 543.044 20
-12.14 543.332 20
-11.1505 543.597 20
-10.1551 543.839 20
-9.15454 544.059 20
-8.14921 544.256 20
-7.13965 544.43 20
-6.12639 544.581 20
-5.10996 544.709 20
-4.09088 544.814 20
-3.06968 544.895 20
-2.04689 544.953 20
-1.02303 544.988 20
0.00135 545 20
-3e-05 545 20
500 545 20
499.999 545 20
501.023 544.988 20
502.047 544.953 20
503.07 544.895 20
504.091 544.814 20
505.11 544.709 20
506.126 544.581 20
507.14 544.43 20
508.149 544.256 20
509.155 544.059 20
510.155 543.839 20
511.15 543.597 20
512.14 543.332 20
513.123 543.044 20
514.1 542.734 20
515.069 542.402 20
516.03 542.048 20
516.983 541.672 20
517.927 541.275 20
518.862 540.856 20
519.788 540.416 20
520.702 539.955 20
521.607 539.473 20
522.5 538.971 20
523.381 538.449 20
524.25 537.907 20
525.107 537.345 20
525.95 536.764 20
526.781 536.164 20
527.597 535.545 20
528.399 534.907 20
529.186 534.252 20
529.958 533.578 20
530.715 532.888 20
531.456 532.18 20
532.18 531.456 20
532.888 530.715 20
533.578 529.958 20
534.252 529.186 20
534.907 528.399 20
535.545 527.597 20
536.164 526.781 20
536.764 525.95 20
537.345 525.107 20
537.907 524.25 20
538.449 523.381 20
538.971 522.5 20
539.473 521.607 20
539.955 520.702 20
540.416 519.788 20
540.856 518.862 20
541.275 517.927 20
541.672 516.983 20
542.048 516.03 20
542.402 515.069 20
542.734 514.1 20
543.044 513.123 20
543.332 512.14 20
543.597 511.15 20
543.839 510.155 20
544.059 509.155 20
544.256 508.149 20
544.43 507.14 20
544.581 506.126 20
544.709 505.11 20
544.814 504.091 20
544.895 503.07 20
544.953 502.047 20
544.988 501.023 20
545 499.999 20
545 500 20
545 1.13687e-13 20
545 1.13687e-13 20
545 1.13687e-13 0
544.988 -1.02436 0
544.953 -2.0482 0
544.895 -3.07097 0
544.814 -4.09215 0
544.709 -5.11121 0
544.581 -6.12762 0
544.43 -7.14085 0
544.256 -8.15038 0
544.059 -9.15569 0
543.839 -10.1563 0
543.596 -11.1516 0
543.331 -12.1411 0
543.044 -13.1243 0
542.734 -14.1007 0
542.402 -15.0699 0
542.048 -16.0312 0
541.672 -16.9842 0
541.274 -17.9284 0
540.856 -18.8633 0
540.416 -19.7884 0
539.955 -20.7033 0
539.473 -21.6074 0
538.971 -22.5004 0
538.449 -23.3817 0
537.906 -24.2509 0
537.345 -25.1075 0
536.763 -25.951 0
536.163 -26.7812 0
535.544 -27.5975 0
534.907 -28.3994 0
534.251 -29.1867 0
533.578 -29.9588 0
532.887 -30.7154 0
532.179 -31.456 0
531.455 -32.1804 0
530.714 -32.8881 0
529.958 -33.5787 0
529.186 -34.252 0
528.398 -34.9075 0
527.596 -35.5449 0
526.78 -36.1639 0
525.95 -36.7641 0
525.106 -37.3453 0
524.25 -37.9071 0
523.381 -38.4493 0
522.499 -38.9716 0
521.606 -39.4737 0
520.702 -39.9553 0
519.787 -40.4162 0
518.862 -40.8561 0
517.927 -41.2749 0
516.983 -41.6723 0
516.03 -42.0481 0
515.069 -42.4021 0
514.099 -42.7341 0
513.123 -43.044 0
512.14 -43.3316 0
511.15 -43.5967 0
510.155 -43.8392 0
509.154 -44.059 0
508.149 -44.256 0
507.14 -44.43 0
506.126 -44.581 0
505.11 -44.7089 0
504.091 -44.8137 0
503.07 -44.8952 0
502.047 -44.9534 0
501.023 -44.9884 0
499.999 -45 0
500 -45 0
-3e-05 -45 0
0.00135 -45 0
-1.02303 -44.9884 0
-2.04689 -44.9534 0
-3.06968 -44.8952 0
-4.09088 -44.8137 0
-5.10996 -44.7089 0
-6.12639 -44.581 0
-7.13965 -44.43 0
-8.14921 -44.256 0
-9.15454 -44.059 0
-10.1551 -43.8392 0
-11.1505 -43.5966 0
-12.14 -43.3315 0
-13.1233 -43.0439 0
-14.0997 -42.734 0
-15.0689 -42.402 0
-16.0302 -42.048 0
-16.9832 -41.6722 0
-17.9275 -41.2748 0
-18.8624 -40.856 0
-19.7876 -40.416 0
-20.7025 -39.9551 0
-21.6066 -39.4735 0
-22.4996 -38.9714 0
-23.3809 -38.4491 0
-24.2501 -37.9069 0
-25.1068 -37.345 0
-25.9504 -36.7638 0
-26.7805 -36.1636 0
-27.5968 -35.5445 0
-28.3988 -34.9071 0
-29.1861 -34.2516 0
-29.9582 -33.5783 0
-30.7148 -32.8877 0
-31.4555 -32.1799 0
-32.1799 -31.4555 0
-32.8877 -30.7148 0
-33.5783 -29.9582 0
-34.2516 -29.1861 0
-34.9071 -28.3988 0
-35.5445 -27.5968 0
-36.1636 -26.7805 0
-36.7638 -25.9504 0
-37.345 -25.1068 0
-37.9069 -24.2501 0
-38.4491 -23.3809 0
-38.9714 -22.4996 0
-39.4735 -21.6066 0
-39.9551 -20.7025 0
-40.416 -19.7876 0
-40.856 -18.8624 0
-41.2748 -17.9275 0
-41.6722 -16.9832 0
-42.048 -16.0302 0
-42.402 -15.0689 0
-42.734 -14.0997 0
-43.0439 -13.1233 0
-43.3315 -12.14 0
-43.5966 -11.1505 0
-43.8392 -10.1551 0
-44.059 -9.15454 0
-44.256 -8.14921 0
-44.43 -7.13965 0
-44.581 -6.12639 0
-44.7089 -5.10996 0
-44.8137 -4.09088 0
-44.8952 -3.06968 0
-44.9534 -2.04689 0
-44.9884 -1.02303 0
-45 0.00135 0
-45 -3e-05 0
-45 500 0
-45 499.999 0
-44.9884 501.023 0
-44.9534 502.047 0
-44.8952 503.07 0
-44.8137 504.091 0
-44.7089 505.11 0
-44.581 506.126 0
-44.43 507.14 0
-44.256 508.149 0
-44.059 509.155 0
-43.8392 510.155 0
-43.5966 511.15 0
-43.3315 512.14 0
-43.0439 513.123 0
-42.734 514.1 0
-42.402 515.069 0
-42.048 516.03 0
-41.6722 516.983 0
-41.2748 517.927 0
-40.856 518.862 0
-40.416 519.788 0
-39.9551 520.702 0
-39.4735 521.607 0
-38.9714 522.5 0
-38.4491 523.381 0
-37.9069 524.25 0
-37.345 525.107 0
-36.7638 525.95 0
-36.1636 526.781 0
-35.5445 527.597 0
-34.9071 528.399 0
-34.2516 529.186 0
-33.5783 529.958 0
-32.8877 530.715 0
-32.1799 531.456 0
-31.4555 532.18 0
-30.7148 532.888 0
-29.9582 533.578 0
-29.1861 534.252 0
-28.3988 534.907 0
-27.5968 535.545 0
-26.7805 536.164 0
-25.9504 536.764 0
-25.1068 537.345 0
-24.2501 537.907 0
-23.3809 538.449 0
-22.4996 538.971 0
-21.6066 539.473 0
-20.7025 539.955 0
-19.7876 540.416 0
-18.8624 540.856 0
-17.9275 541.275 0
-16.9832 541.672 0
-16.0302 542.048 0
-15.0689 542.402 0
-14.0997 542.734 0
-13.1233 543.044 0
-12.14 543.332 0
-11.1505 543.597 0
-10.1551 543.839 0
-9.15454 544.059 0
-8.14921 544.256 0
-7.13965 544.43 0
-6.12639 544.581 0
-5.10996 544.709 0
-4.09088 544.814 0
-3.06968 544.895 0
-2.04689 544.953 0
-1.02303 544.988 0
0.00135 545 0
-3e-05 545 0
500 545 0
499.999 545 0
501.023 544.988 0
502.047 544.953 0
503.07 544.895 0
504.091 544.814 0
505.11 544.709 0
506.126 544.581 0
507.14 544.43 0
508.149 544.256 0
509.155 544.059 0
510.155 543.839 0
511.15 543.597 0
512.14 543.332 0
513.123 543.044 0
514.1 542.734 0
515.069 542.402 0
516.03 542.048 0
516.983 541.672 0
517.927 541.275 0
518.862 540.856 0
519.788 540.416 0
520.702 539.955 0
521.607 539.473 0
522.5 538.971 0
523.381 538.449 0
524.25 537.907 0
525.107 537.345 0
525.95 536.764 0
526.781 536.164 0
527.597 535.545 0
528.399 534.907 0
529.186 534.252 0
529.958 533.578 0
530.715 532.888 0
531.456 532.18 0
532.18 531.456 0
532.888 530.715 0
533.578 529.958 0
534.252 529.186 0
534.907 528.399 0
535.545 527.597 0
536.164 526.781 0
536.764 525.95 0
537.345 525.107 0
537.907 524.25 0
538.449 523.381 0
538.971 522.5 0
539.473 521.607 0
539.955 520.702 0
540.416 519.788 0
540.856 518.862 0
541.275 517.927 0
541.672 516.983 0
542.048 516.03 0
542.402 515.069 0
542.734 514.1 0
543.044 513.123 0
543.332 512.14 0
543.597 511.15 0
543.839 510.155 0
544.059 509.155 0
544.256 508.149 0
544.43 507.14 0
544.581 506.126 0
544.709 505.11 0
544.814 504.091 0
544.895 503.07 0
544.953 502.047 0
544.988 501.023 0
545 499.999 0
545 500 0
545 1.13687e-13 0
545 1.13687e-13 0
